%YAML:1.0
---
camera_matrix_1: !!opencv-matrix
   rows: 3
   cols: 3
   dt: d
   data: [ 2.8298988649158055e+03, 0., 9.5392225670544224e+02, 0.,
       2.8291848311830554e+03, 5.9692115309915448e+02, 0., 0., 1. ]
dist_coeffs_1: !!opencv-matrix
   rows: 1
   cols: 5
   dt: d
   data: [ -4.8706910737147710e-02, 3.9003332144065966e-01,
       -7.6142436071174446e-04, 6.0373834738311587e-05,
       -1.0340583572356614e+00 ]
camera_matrix_2: !!opencv-matrix
   rows: 3
   cols: 3
   dt: d
   data: [ 3.2112737758298204e+03, 0., 1.9188643475860399e+03, 0.,
       3.2158482564920769e+03, 1.1196111866006222e+03, 0., 0., 1. ]
dist_coeffs_2: !!opencv-matrix
   rows: 1
   cols: 5
   dt: d
   data: [ -3.5410416995204648e-02, 1.6353424975189408e+00,
       -1.2724100640231086e-04, -2.9757703377799958e-03,
       -6.9999820896287250e+00 ]
R: !!opencv-matrix
   rows: 3
   cols: 3
   dt: d
   data: [ 9.8935382112139514e-01, -3.2641740099309147e-02,
       1.4182218950426467e-01, 3.6009329654671851e-02,
       9.9912564339207766e-01, -2.1243278800315773e-02,
       -1.4100476875026452e-01, 2.6124041028445965e-02,
       9.8966418025006264e-01 ]
T: !!opencv-matrix
   rows: 3
   cols: 1
   dt: d
   data: [ -8.4938289821857111e+01, -2.8802235597157733e+00,
       -2.9643858373387250e+01 ]
H: !!opencv-matrix
   rows: 4
   cols: 4
   dt: d
   data: [ 9.8935382112139514e-01, -3.2641740099309147e-02,
       1.4182218950426467e-01, -8.4938289821857111e+01,
       3.6009329654671851e-02, 9.9912564339207766e-01,
       -2.1243278800315773e-02, -2.8802235597157733e+00,
       -1.4100476875026452e-01, 2.6124041028445965e-02,
       9.8966418025006264e-01, -2.9643858373387250e+01, 0., 0., 0., 1. ]
