%YAML:1.0
---
camera_matrix: !!opencv-matrix
   rows: 3
   cols: 3
   dt: d
   data: [ 2.8298988649158055e+03, 0., 9.5392225670544224e+02, 0.,
       2.8291848311830554e+03, 5.9692115309915448e+02, 0., 0., 1. ]
dist_coeffs: !!opencv-matrix
   rows: 1
   cols: 5
   dt: d
   data: [ -4.8706910737147710e-02, 3.9003332144065966e-01,
       -7.6142436071174446e-04, 6.0373834738311587e-05,
       -1.0340583572356614e+00 ]
